86
71
89
98
63
76
86
39
28
38
33
24
14
56
28
42
72
81
31
99
56
42
44
33
43
73
14
52
78
17
49
31
34
74
64
82
13
66
54
14
63
55
84
44
85
89
84
59
77
31
82
55
65
78
62
84
89
88
42
72
19
58
36
88
29
29
22
37
15
52
87
19
31
82
71
17
51
17
76
46
63
33
68
67
63
99
92
96
87
85
34
78
34
55
62
51
45
44
34
56
55
76
46
11
46
86
45
55
67
53
98
69
82
76
54
35
72
97
35
89
36
52
73
43
35
52
61
16
42
37
31
33
45
16
22
22
35
88
71
33
59
36
28
19
73
75
46
69
28
28
78
47
12
41
89
47
29
18
88
21
98
13
27
51
64
82
49
53
53
95
98
96
83
11
44
67
76
18
33
23
69
93
72
81
83
11
46
28
93
78
12
18
92
48
48
27
36
39
92
76
52
23
93
75
68
64
71
65
23
25
62
15
26
72
81
16
66
55
54
79
52
97
12
25
66
36
19
94
75
31
65
25
92
22
83
57
25
62
11
22
38
52
68
91
99
35
43
78
46
38
51
99
93
72
52
57
76
82
12
98
76
76
16
88
77
95
89
42
97
42
26
51
88
64
47
14
16
73
64
76
48
25
53
88
33
17
45
32
88
73
31
72
92
85
73
77
74
56
28
85
87
79
17
17
43
41
73
69
72
31
36
17
79
17
88
46
62
95
76
62
43
53
84
34
69
72
77
63
27
69
24
99
66
73
63
76
53
69
26
88
77
62
26
93
19
42
88
46
22
73
28
31
97
87
57
64
69
53
99
23
99
27
24
33
76
96
93
89
37
98
55
14
73
22
74
98
83
76
93
78
99
41
33
64
46
24
88
48
85
15
76
17
17
57
89
81
63
67
52
95
54
92
68
11
42
99
18
44
84
23
35
83
16
99
23
15
87
74
33
93
59
29
26
79
73
29
58
32
26
38
32
24
98
26
21
57
29
56
94
64
13
95
18
25
12
85
95
43
77
27
27
99
98
33
11
45
17
43
56
32
16
34
61
14
48
91
84
66
96
31
71
46
38
34
64
19
72
83
48
55
96
82
52
91
75
81
52
65
84
97
52
36
83
44
18
95
72
93
32
47
92
74
77
17
75
52
77
99
73
84
42
16
89
89
54
65
85
57
62
54
44
96
71
59
14
34
67
45
56
67
12
83
22
77
58
78
19
37
67
52
98
22
42
99
76
84
95
15
27
17
72
74
27
74
23
92
28
99
71
52
66
73
32
42
99
18
86
26
97
41
18
55
52
93
91
16
72
87
71
47
86
15
33
42
18
55
29
78
14
83
78
75
27
54
98
99
79
63
68
82
21
33
48
81
22
87
31
56
79
88
25
53
93
94
68
44
96
42
38
65
74
24
25
29
67
29
99
74
49
63
27
59
61
41
65
95
51
91
54
68
75
53
37
66
15
45
75
92
22
72
61
76
16
74
28
48
32
35
23
12
44
16
29
29
99
93
55
16
84
99
98
88
36
73
31
62
84
33
92
25
55
48
43
89
45
72
99
11
52
35
26
28
55
12
38
33
75
77
44
39
33
93
22
77
47
99
46
79
13
48
69
24
11
97
52
17
68
71
19
86
38
88
91
99
42
26
66
37
98
83
51
56
79
24
49
83
55
11
98
39
33
16
35
25
33
96
67
16
29
77
14
64
26
57
34
77
86
26
82
64
43
66
33
66
93
44
95
81
86
19
61
91
62
22
82
41
51
24
74
69
88
73
21
56
91
87
26
76
95
77
75
43
36
88
35
92
99
39
46
74
42
14
34
47
29
96
39
92
38
43
74
64
11
19
36
66
14
63
48
72
76
44
47
82
93
98
55
63
86
73
83
33
95
63
93
84
95
17
17
96
86
57
27
81
58
18
79
18
65
98
83
98
76
58
71
23
84
22
24
61
63
85
81
11
15
28
38
31
52
83
99
19
81
87
74
75
76
78
58
69
12
88
51
26
64
27
64
26
15
36
92
11
51
74
63
35
11
64
58
82
63
82
57
45
14
64
61
52
48
99
36
28
11
73
64
29
96
16
76
74
14
28
47
22
88
37
22
82
11
96
31
17
22
23
97
59
66
24
78
99
51
51
76
21
61
82
93
74
47
69
98
73
13
17
49
81
98
22
13
98
67
95
65
12
55
26
86
36
54
91
28
34
66
15
73
78
71
81
95
55
86
47
93
34
62
59
52
65
71
38
46
19
62
54
55
57
66
44
49
19
